spawns:
  default:
    world: 909e30fd-8980-4c88-a4d1-c8a6363e853b
    world-name: world
    x: 105.48002129376067
    y: 151.0
    z: 315.30000001192093
    yaw: 2.427995204925537E-4
    pitch: 32.61185836791992
  hbd:
    world: 909e30fd-8980-4c88-a4d1-c8a6363e853b
    world-name: world
    x: 105.48002129376067
    y: 151.0
    z: 315.30000001192093
    yaw: 2.427995204925537E-4
    pitch: 32.61185836791992
